39251 25378 106.4 102.1 22.9 16.8 305008.13 461350000 840.41 39.7 0.596 8544.11 10.94
36396 23070 107.3 101.6 22.6 15.9 278099.24 425620069 794.03 39.9 0.585 7614 12.43
33616 20877 106.8 102 22.5 15 243386.46 388883850 741.05 39.6 0.573 7203 12.95
31195 18929 106.5 101.4 22.2 14.3 245502.93 361291927 701.52 40.8 0.561 6473 12.07
28844 17271 108.4 102 22.2 13.7 264241.77 328064609 660.12 43.1 0.548 5933 12.37
26467 15615 107.1 102.6 22.1 13.1 258168.89 303647182 618.19 44.2 0.537 5850 12.08
24565 14075 108.6 102.6 22.3 12.7 244160.21 286553052 572.48 45.4 0.526 5429.93 12.1
21810 12646 109 105.4 25.3 12.3 236401.95 238692936 515.99 46.5 0.513 4993.17 11.93
19109 10550 110.3 103.3 26 11.9 201722.34 195618471 478.68 46.5 0.499 4725 11.9
17175 9226 108.5 99.3 26.8 11.6 150648.06 165027065 441.66 46 0.483 4459 11.95
15781 8483 110.1 105.9 27.3 11.3 179921.47 145007374 403.87 47 0.47 3576 12.14
13786 7434 114.7 104.8 28.1 11.1 166924.07 121480663 370.11 46.9 0.459 3645.18 12.1
11759 6302 113.3 101.5 30.3 11 140974.74 98153087 351.18 47.6 0.443 3119.25 12.09
10493 5671 110.9 101.8 31.4 10.7 116921.77 84188391 336.75 47 0.43 2936.96 12.4
9421 5056 110.5 103.9 31.9 10.7 95539.09 72425989 326.8 45.9 0.418 2608 12.29
8472 4542 110.5 101.2 32 10.7 70483.45 62082653 316.4 45.6 0.405 2197 12.41
7702 4256 109.6 99.2 32.6 10.4 51378.15 54800278 313.6 44.5 0.391 2092 12.86
6860 3954 108.1 100.7 37.5 10.1 42183.62 46376626 320.1 44.8 0.377 2017 13.38
6280 3698 108.6 100.4 38 9.9 39273.25 38490806 317.7 45.5 0.362 1948 14.03
5854 3327 108 98.6 38.5 10.2 29896.23 33490416 315.9 45.4 0.348 1857 14.64
