23070 107.3 101.6 22.6 15.9 278099.24 425620069 794.03 12.43
20877 106.8 102 22.5 15 243386.46 388883850 741.05 12.95
18929 106.5 101.4 22.2 14.3 245502.93 361291927 701.52 12.07
17271 108.4 102 22.2 13.7 264241.77 328064609 660.12 12.37
15615 107.1 102.6 22.1 13.1 258168.89 303647182 618.19 12.08
14075 108.6 102.6 22.3 12.7 244160.21 286553052 572.48 12.1
12646 109 105.4 25.3 12.3 236401.95 238692936 515.99 11.93
10550 110.3 103.3 26 11.9 201722.34 195618471 478.68 11.9
9226 108.5 99.3 26.8 11.6 150648.06 165027065 441.66 11.95
8483 110.1 105.9 27.3 11.3 179921.47 145007374 403.87 12.14
7434 114.7 104.8 28.1 11.1 166924.07 121480663 370.11 12.1
6302 113.3 101.5 30.3 11 140974.74 98153087 351.18 12.09
5671 110.9 101.8 31.4 10.7 116921.77 84188391 336.75 12.4
5056 110.5 103.9 31.9 10.7 95539.09 72425989 326.8 12.29
4542 110.5 101.2 32 10.7 70483.45 62082653 316.4 12.41
4256 109.6 99.2 32.6 10.4 51378.15 54800278 313.6 12.86
3954 108.1 100.7 37.5 10.1 42183.62 46376626 320.1 13.38
